.Random.seed <-
c(403L, 10L, 674193206L, -1863475855L, 1125414819L, 1364934386L, 
-900798908L, 257050887L, -1308159779L, 280212948L, -1227626246L, 
121802821L, 858699935L, 1411441190L, 928528048L, 654170963L, 
-1056229775L, -826508384L, -639210690L, 1031205449L, -791828741L, 
209131210L, -1266423764L, 948809775L, 1317261541L, -599279204L, 
-309836814L, 809188973L, -300635225L, -444164658L, 2142995240L, 
-1410332373L, -1712123063L, -196528040L, 444472582L, -1378486047L, 
2065723507L, -483144478L, 961682516L, -2016091817L, 1833533773L, 
-780102428L, 1722542282L, -225327819L, 1086729103L, -979046250L, 
-1262686144L, -470132477L, 803943713L, -938158576L, 714261998L, 
420231577L, 404125227L, 2118450970L, -701258276L, 168381407L, 
-2044265547L, 1160619340L, 1943491490L, -271672579L, -751328265L, 
1624825118L, -1119707176L, 233681211L, -163240231L, -275522968L, 
1491643286L, -1814114543L, 1310472387L, -472168238L, 443510116L, 
-1335709529L, 1043768829L, 578713588L, -2098200358L, 719770149L, 
-30060737L, 366738630L, 1239167312L, -148971149L, 934595473L, 
-664617536L, -406849634L, -1262401175L, 97126811L, 2031557802L, 
-984184116L, 208491407L, -1451759675L, 1164798844L, -805096494L, 
-1659788467L, 1588863495L, -1441799698L, 1190952136L, 1430901707L, 
-263784919L, 1202584696L, -1513014874L, -1916888127L, 1471977555L, 
-1901801726L, 203217460L, 2011410359L, -2049986643L, 469994692L, 
741818602L, -1576642731L, 321112303L, 351010550L, -1734997472L, 
92839907L, -265268095L, 1365385968L, 365128078L, 523224825L, 
2000295051L, 889928890L, -808216644L, 1138640127L, -1069840299L, 
-193463444L, -1979132990L, 1443402781L, -2094742377L, -1853910530L, 
-984747592L, -1778041445L, -666975239L, -1735152824L, -197548426L, 
-1462509647L, 212566499L, 1838810802L, -155157756L, 136562759L, 
751394589L, 1262634388L, 1560611130L, -1115433595L, -1083228577L, 
1501202662L, 2133068656L, -1894224749L, 1800206641L, -484515872L, 
-263363458L, -2019121399L, 1567754555L, 1206562058L, -474643220L, 
-2128113297L, -38283611L, -932149156L, 642809906L, -775989459L, 
1004189159L, -154457842L, 1512460008L, -1815133973L, 1362575753L, 
-413474536L, -854535098L, 223567009L, 236299059L, -1681282398L, 
-1023942252L, -440528873L, 173877261L, -1883824860L, -1198528246L, 
1971028085L, 2003454927L, 1987239126L, 685845632L, 708440771L, 
-1953358751L, -1817076528L, 1352052270L, 857157593L, -1495642133L, 
1363191386L, -1486495716L, -1885741793L, 1795022197L, -325350388L, 
694947298L, 648736445L, 1790404919L, 780283358L, -149806312L, 
-1484592517L, 510756889L, 2083274920L, 2039439958L, 1106259665L, 
-676774269L, -870738670L, 558080164L, -1820901273L, 1249669565L, 
1469143860L, 1800974490L, -432974107L, 223232127L, 1257355782L, 
674981264L, 501405747L, -1023281199L, 2056363392L, 1582018654L, 
-1491230807L, 1116202587L, -1307403670L, 1441687308L, -1245834929L, 
-331068923L, 1571911868L, -1989185134L, -1505662323L, -1241810745L, 
-554865234L, 628021256L, 527264779L, -364943127L, 932562872L, 
434856038L, -767119103L, 767551379L, 210843884L, 1987843644L, 
1918489458L, -1727064464L, -1190222812L, -965804232L, -689669990L, 
-149545264L, -1607000900L, -1269888364L, 1618825858L, -1441095488L, 
1527403836L, -1352222576L, -633457118L, 1836888584L, -1546797812L, 
-1051503972L, -1908586990L, -163100288L, -1126950380L, -1233859032L, 
1283453242L, 372341712L, -684786068L, -973647052L, -1736502638L, 
963519840L, 1802247500L, 820007904L, -1038487646L, 1806630824L, 
2004961164L, 1396951740L, 842126194L, 1901914352L, 1075577924L, 
739132760L, 525353018L, 1717687152L, 1285469244L, 888183572L, 
1999889858L, 87121120L, -313327748L, 324458192L, 19770018L, 1001784360L, 
1590472972L, -260990020L, 1252465970L, -1026537536L, -2074896844L, 
-560618552L, -2026685254L, -1665253488L, 1957757420L, 1202582612L, 
-1089205614L, -396514528L, -171857460L, -469740576L, -1466675518L, 
244307496L, 707137196L, 1506688700L, 1227719154L, 951726384L, 
1296345252L, 1706171064L, 1662981978L, -1872015984L, -1818288772L, 
-1949546220L, -441219774L, -513395968L, 423142332L, 1534980944L, 
381689122L, 289409352L, -1081435124L, 1762030684L, 2006844626L, 
-10750976L, -537344172L, -797361688L, -1063721990L, -407289136L, 
-320467668L, 584926452L, 1168413586L, 1173394528L, 407099660L, 
-857222432L, -566452894L, -1000278360L, -787906996L, 1081365372L, 
797278002L, 164842096L, 1532596548L, -1675032616L, -1668246406L, 
-1507268048L, 1737062076L, 1030162260L, 1999705666L, -1157933152L, 
-1447566148L, -479866416L, -398724766L, -1228288024L, 127914956L, 
-438307076L, 442422258L, -1823576960L, -914511628L, -388915064L, 
-2081926854L, 1096911696L, -1354280852L, -519410540L, -283503278L, 
2026822368L, -147514164L, 1934918816L, -91437694L, 1489335528L, 
-924436L, 746735676L, 1646111858L, -1588499344L, -859385308L, 
-1507363272L, 1825505818L, -426627888L, 1934339644L, 519465108L, 
-2100743038L, -686632000L, 800467260L, 1159696016L, 1981543458L, 
224657416L, -707984244L, 856030236L, 605917330L, -1674134400L, 
-763786220L, 501278504L, -2035838918L, 2001049808L, 1182900332L, 
1322145460L, 895532050L, 1756623840L, 247284684L, 1715448288L, 
1752397858L, 845712680L, -1470480116L, -272391620L, 1294412018L, 
781364464L, -148095164L, 377969752L, 1513504314L, 984037616L, 
-1664907588L, -823885292L, 757466306L, -1856923040L, 1405092220L, 
-2049778480L, -1448013790L, 592057512L, 2061169036L, -1246080580L, 
-1260729294L, -54751424L, -904508748L, 962813256L, 185439930L, 
1485179664L, 217716972L, -219362220L, 1564029714L, -1505915488L, 
-83875892L, 655031136L, 193760450L, -594283992L, 1015307692L, 
-2067565764L, -1013825678L, 1633414960L, 376654884L, 1355813432L, 
631576282L, -1943608432L, 1169891580L, 365701524L, 2136992578L, 
-1158925824L, 1518367804L, -172717488L, -1103473502L, -1877436600L, 
287770124L, 1807156956L, 975462482L, 1171513472L, 352273236L, 
1901868008L, -587488518L, -1254600880L, -156954580L, 1116549492L, 
-734217582L, 1942762080L, 1889995916L, -2138555040L, -392757022L, 
-1196185432L, 492643020L, 1095632380L, 1810134962L, -665018530L, 
1443742732L, -28269603L, -1332590873L, 11413264L, -483461586L, 
306162907L, -1273757251L, 1518804778L, -620443704L, -1089929999L, 
-1049202077L, -1652877724L, -152314478L, 1248492135L, 1503138353L, 
766852982L, -347921260L, 738269861L, -1282648145L, 2005017704L, 
-403781562L, -1536164365L, 407058773L, 792939314L, -1587990784L, 
961264617L, 377243227L, -241510228L, 588762810L, 1991363695L, 
1871628793L, -2007536498L, 424232284L, -929368627L, 509491511L, 
-1029397568L, 411278494L, -1523285653L, 2001238253L, -1843109542L, 
1783626264L, -1778317439L, 1253295411L, 1399696212L, 806141282L, 
-1967694345L, 1878644289L, -1547185466L, -1414790140L, -488467531L, 
-410145633L, 30632184L, -844848938L, 12421475L, -668474075L, 
-138550590L, 637931440L, 142341081L, -648323765L, 2135481276L, 
-595917846L, 2084922399L, 815473321L, -2002917826L, 1537809196L, 
-1623960195L, 804248519L, -1543591248L, 2051741902L, -1142205957L, 
-1224801699L, 1980366218L, -288520792L, 2049526545L, -751908349L, 
-1306026748L, 100809010L, -1456035961L, 2066814417L, 1898088278L, 
1457706292L, -918995899L, -2036358001L, 204124680L, -2101187034L, 
47748819L, -151795659L, 424503186L, 1232279392L, -188263735L, 
1101182459L, -1033920052L, -1056274342L, 139670863L, -1364902887L, 
509510190L, 227000380L, -347413075L, 1446106711L, -1529010272L, 
-595294978L, 1482217419L, -1251548723L, -963005190L, 1721243448L, 
-2118646559L, -1200576621L, 1707850676L, -1379118910L, 728696023L, 
-1508003551L, -1644832538L, -1873900060L, -2138986219L, -1073471169L, 
1447357656L, -592141066L, 1081876227L, 116512837L, 59799650L, 
-156504112L, 1431713017L, 1920024107L, 288237980L, 917322186L, 
377584319L, 511429641L, 1745300766L, 1268355276L, -279579491L, 
-1968862937L, 500593488L, -470798866L, -852239717L, -1947153155L, 
-671099926L, 223691912L, 1958885937L, -2113557341L, -502099804L, 
379322706L, -243549017L, 1784805617L, 178499638L, 1633013972L, 
